10 10
  1.0  1.1  2.2  3.3   1.0   2.2   1.0   1.1   2.2   1.0
  4.7  3.1  4.4  5.5   4.7   4.4   4.7   3.1   4.4   4.7
  1.0  1.1  2.2  3.3   1.0   2.2   1.0   1.1   2.2   1.0
  4.7  3.1  4.4  5.5   4.7   4.4   4.7   3.1   4.4   4.7
 -6.4  3.2 -6.2  5.5  -6.4  -6.2  -6.4   3.2  -6.2  -6.4
  1.0  1.1  2.2  3.3   1.0   2.2   1.0   1.1   2.2   1.0
  4.7  3.1  4.4  5.5   4.7   4.4   4.7   3.1   4.4   4.7
  0.2  9.3 -7.2  3.2   0.2  -7.2   0.2   9.3  -7.2   0.2
  4.7  3.1  4.4  5.5   4.7   4.4   4.7   3.1   4.4   4.7
  4.7  3.1  4.4  5.5   4.7   4.4   4.7   3.1   4.4   4.7
