t	y
0	0
1	0
2	-0,625
3	-1,20937
4	-1,7547
5	-2,26248
6	-2,73421
7	-3,17129
8	-3,57512
9	-3,94701
10	-4,28826
11	-4,60011
12	-4,88376
13	-5,14039
14	-5,37111
15	-5,57702
16	-5,75916
17	-5,91855
18	-6,05617
19	-6,17298
20	-6,26988
21	-6,34776
22	-6,40749
23	-6,44987
24	-6,47571
25	-6,48579
26	-6,48083
27	-6,46156
28	-6,42866
29	-6,38282
30	-6,32466
31	-6,25481
32	-6,17386
33	-6,0824
34	-5,98098
35	-5,87013
36	-5,75038
37	-5,62221
38	-5,48611
39	-5,34253
40	-5,19193
41	-5,03473
42	-4,87134
43	-4,70215
44	-4,52755
45	-4,3479
46	-4,16356
47	-3,97486
48	-3,78212
49	-3,58566
50	-3,38578
51	-3,18276
52	-2,97689
53	-2,76842
54	-2,55761
55	-2,3447
56	-2,12993
57	-1,91352
58	-1,69568
59	-1,47662
60	-1,25653
61	-1,0356
62	-0,814019
63	-0,591945
64	-0,369545
65	-0,146977
66	0,0756132
67	0,298082
68	0,520294
69	0,742122
70	0,963443
71	1,18414
72	1,4041
73	1,62323
74	1,84141
75	2,05857
76	2,2746
77	2,48942
78	2,70296
79	2,91514
80	3,12588
81	3,33513
82	3,54281
83	3,74887
84	3,95326
85	4,15592
86	4,3568
87	4,55586
88	4,75306
89	4,94836
90	5,14172
91	5,33311
92	5,5225
93	5,70986
94	5,89517
95	6,07841
96	6,25955
97	6,43858
98	6,61548
99	6,79023
100	6,96283
101	7,13326
102	7,30152
103	7,4676
104	7,63149
105	7,79319
106	7,9527
107	8,11002
108	8,26515
109	8,41809
110	8,56884
111	8,7174
112	8,8638
113	9,00802
114	9,15008
115	9,28998
116	9,42774
117	9,56337
118	9,69687
119	9,82827
120	9,95756
121	10,0848
122	10,2099
123	10,333
124	10,454
125	10,573
126	10,69
127	10,805
128	10,9181
129	11,0291
130	11,1383
131	11,2455
132	11,3508
133	11,4542
134	11,5557
135	11,6554
136	11,7533
137	11,8494
138	11,9437
139	12,0362
140	12,1269
141	12,216
142	12,3033
143	12,3889
144	12,4729
145	12,5553
146	12,636
147	12,7151
148	12,7926
149	12,8685
150	12,943
151	13,0159
152	13,0873
153	13,1572
154	13,2256
155	13,2927
156	13,3583
157	13,4225
158	13,4853
159	13,5468
160	13,607
161	13,6658
162	13,7233
163	13,7796
164	13,8346
165	13,8884
166	13,9409
167	13,9923
168	14,0425
169	14,0915
170	14,1394
171	14,1861
172	14,2318
173	14,2763
174	14,3198
175	14,3623
176	14,4037
177	14,4441
178	14,4836
179	14,522
180	14,5595
181	14,596
182	14,6316
183	14,6663
184	14,7001
185	14,733
186	14,7651
187	14,7963
188	14,8267
189	14,8563
190	14,885
191	14,913
192	14,9402
193	14,9667
194	14,9924
195	15,0174
196	15,0417
197	15,0652
198	15,0881
199	15,1103
200	15,1319
201	15,1528
202	15,1731
203	15,1928
204	15,2118
205	15,2303
206	15,2482
207	15,2655
208	15,2822
209	15,2984
210	15,3141
211	15,3292
212	15,3439
213	15,358
214	15,3716
215	15,3848
216	15,3975
217	15,4097
218	15,4215
219	15,4328
220	15,4437
221	15,4542
222	15,4642
223	15,4739
224	15,4832
225	15,4921
226	15,5006
227	15,5087
228	15,5165
229	15,524
230	15,5311
231	15,5378
232	15,5443
233	15,5504
234	15,5562
235	15,5617
236	15,5669
237	15,5718
238	15,5765
239	15,5809
240	15,585
241	15,5888
242	15,5924
243	15,5957
244	15,5988
245	15,6017
246	15,6043
247	15,6067
248	15,6089
249	15,6109
250	15,6127
251	15,6143
252	15,6157
253	15,6169
254	15,6179
255	15,6187
256	15,6194
257	15,6199
258	15,6202
259	15,6204
260	15,6204
261	15,6203
262	15,62
263	15,6196
264	15,619
265	15,6183
266	15,6175
267	15,6166
268	15,6155
269	15,6143
270	15,613
271	15,6116
272	15,6101
273	15,6085
274	15,6068
275	15,6049
276	15,603
277	15,6011
278	15,599
279	15,5968
280	15,5946
281	15,5922
282	15,5899
283	15,5874
284	15,5849
285	15,5823
286	15,5796
287	15,5769
288	15,5741
289	15,5712
290	15,5683
291	15,5654
292	15,5624
293	15,5594
294	15,5563
295	15,5531
296	15,55
297	15,5468
298	15,5435
299	15,5402
300	15,5369
301	15,5336
302	15,5302
303	15,5268
304	15,5234
305	15,5199
306	15,5164
307	15,5129
308	15,5094
309	15,5059
310	15,5023
311	15,4988
312	15,4952
313	15,4916
314	15,488
315	15,4843
316	15,4807
317	15,4771
318	15,4734
319	15,4698
320	15,4661
321	15,4625
322	15,4588
323	15,4552
324	15,4515
325	15,4478
326	15,4442
327	15,4405
328	15,4369
329	15,4332
330	15,4295
331	15,4259
332	15,4223
333	15,4186
334	15,415
335	15,4114
336	15,4078
337	15,4042
338	15,4006
339	15,397
340	15,3935
341	15,3899
342	15,3864
343	15,3828
344	15,3793
345	15,3758
346	15,3723
347	15,3688
348	15,3654
349	15,3619
350	15,3585
351	15,3551
352	15,3517
353	15,3483
354	15,345
355	15,3416
356	15,3383
357	15,335
358	15,3317
359	15,3284
360	15,3252
361	15,3219
362	15,3187
363	15,3155
364	15,3123
365	15,3092
366	15,306
367	15,3029
368	15,2998
369	15,2968
370	15,2937
371	15,2907
372	15,2877
373	15,2847
374	15,2817
375	15,2787
376	15,2758
377	15,2729
378	15,27
379	15,2672
380	15,2643
381	15,2615
382	15,2587
383	15,2559
384	15,2532
385	15,2504
386	15,2477
387	15,245
388	15,2424
389	15,2397
390	15,2371
391	15,2345
392	15,2319
393	15,2293
394	15,2268
395	15,2243
396	15,2218
397	15,2193
398	15,2169
399	15,2144
400	15,212
401	15,2096
402	15,2073
403	15,2049
404	15,2026
405	15,2003
406	15,198
407	15,1958
408	15,1935
409	15,1913
410	15,1891
411	15,1869
412	15,1848
413	15,1826
414	15,1805
415	15,1784
416	15,1764
417	15,1743
418	15,1723
419	15,1702
420	15,1683
421	15,1663
422	15,1643
423	15,1624
424	15,1605
425	15,1586
426	15,1567
427	15,1548
428	15,153
429	15,1512
430	15,1494
431	15,1476
432	15,1458
433	15,1441
434	15,1423
435	15,1406
436	15,1389
437	15,1372
438	15,1356
439	15,1339
440	15,1323
441	15,1307
442	15,1291
443	15,1275
444	15,126
445	15,1244
446	15,1229
447	15,1214
448	15,1199
449	15,1184
450	15,117
451	15,1155
452	15,1141
453	15,1127
454	15,1113
455	15,1099
456	15,1085
457	15,1072
458	15,1059
459	15,1045
460	15,1032
461	15,1019
462	15,1007
463	15,0994
464	15,0982
465	15,0969
466	15,0957
467	15,0945
468	15,0933
469	15,0921
470	15,091
471	15,0898
472	15,0887
473	15,0875
474	15,0864
475	15,0853
476	15,0842
477	15,0832
478	15,0821
479	15,0811
480	15,08
481	15,079
482	15,078
483	15,077
484	15,076
485	15,075
486	15,0741
487	15,0731
488	15,0722
489	15,0712
490	15,0703
491	15,0694
492	15,0685
493	15,0676
494	15,0667
495	15,0659
496	15,065
497	15,0642
498	15,0633
499	15,0625
500	15,0617
501	15,0609
502	15,0601
503	15,0593
504	15,0585
505	15,0577
506	15,057
507	15,0562
508	15,0555
509	15,0548
510	15,054
511	15,0533
512	15,0526
513	15,0519
514	15,0512
515	15,0506
516	15,0499
517	15,0492
518	15,0486
519	15,0479
520	15,0473
521	15,0467
522	15,046
523	15,0454
524	15,0448
525	15,0442
526	15,0436
527	15,0431
528	15,0425
529	15,0419
530	15,0414
531	15,0408
532	15,0402
533	15,0397
534	15,0392
535	15,0386
536	15,0381
537	15,0376
538	15,0371
539	15,0366
540	15,0361
541	15,0356
542	15,0351
543	15,0347
544	15,0342
545	15,0337
546	15,0333
547	15,0328
548	15,0324
549	15,0319
550	15,0315
551	15,0311
552	15,0307
553	15,0302
554	15,0298
555	15,0294
556	15,029
557	15,0286
558	15,0282
559	15,0278
560	15,0275
561	15,0271
562	15,0267
563	15,0264
564	15,026
565	15,0256
566	15,0253
567	15,0249
568	15,0246
569	15,0243
570	15,0239
571	15,0236
572	15,0233
573	15,0229
574	15,0226
575	15,0223
576	15,022
577	15,0217
578	15,0214
579	15,0211
580	15,0208
581	15,0205
582	15,0202
583	15,02
584	15,0197
585	15,0194
586	15,0191
587	15,0189
588	15,0186
589	15,0184
590	15,0181
591	15,0178
592	15,0176
593	15,0174
594	15,0171
595	15,0169
596	15,0166
597	15,0164
598	15,0162
599	15,0159
600	15,0157
601	15,0155
602	15,0153
603	15,0151
604	15,0149
605	15,0147
606	15,0144
607	15,0142
608	15,014
609	15,0138
610	15,0137
611	15,0135
612	15,0133
613	15,0131
614	15,0129
615	15,0127
616	15,0125
617	15,0124
618	15,0122
619	15,012
620	15,0118
621	15,0117
622	15,0115
623	15,0114
624	15,0112
625	15,011
626	15,0109
627	15,0107
628	15,0106
629	15,0104
630	15,0103
631	15,0101
632	15,01
633	15,0098
634	15,0097
635	15,0096
636	15,0094
637	15,0093
638	15,0092
639	15,009
640	15,0089
641	15,0088
642	15,0086
643	15,0085
644	15,0084
645	15,0083
646	15,0082
647	15,008
648	15,0079
649	15,0078
650	15,0077
651	15,0076
652	15,0075
653	15,0074
654	15,0073
655	15,0072
656	15,0071
657	15,007
658	15,0069
659	15,0068
660	15,0067
661	15,0066
662	15,0065
663	15,0064
664	15,0063
665	15,0062
666	15,0061
667	15,006
668	15,0059
669	15,0059
670	15,0058
671	15,0057
672	15,0056
673	15,0055
674	15,0054
675	15,0054
676	15,0053
677	15,0052
678	15,0051
679	15,0051
680	15,005
681	15,0049
682	15,0048
683	15,0048
684	15,0047
685	15,0046
686	15,0046
687	15,0045
688	15,0044
689	15,0044
690	15,0043
691	15,0043
692	15,0042
693	15,0041
694	15,0041
695	15,004
696	15,004
697	15,0039
698	15,0038
699	15,0038
700	15,0037
701	15,0037
702	15,0036
703	15,0036
704	15,0035
705	15,0035
706	15,0034
707	15,0034
708	15,0033
709	15,0033
710	15,0032
711	15,0032
712	15,0031
713	15,0031
714	15,003
715	15,003
716	15,0029
717	15,0029
718	15,0029
719	15,0028
720	15,0028
721	15,0027
722	15,0027
723	15,0027
724	15,0026
725	15,0026
726	15,0025
727	15,0025
728	15,0025
729	15,0024
730	15,0024
731	15,0024
732	15,0023
733	15,0023
734	15,0023
735	15,0022
736	15,0022
737	15,0022
738	15,0021
739	15,0021
740	15,0021
741	15,002
742	15,002
743	15,002
744	15,0019
745	15,0019
746	15,0019
747	15,0019
748	15,0018
749	15,0018
750	15,0018
751	15,0018
752	15,0017
753	15,0017
754	15,0017
755	15,0017
756	15,0016
757	15,0016
758	15,0016
759	15,0016
760	15,0015
761	15,0015
762	15,0015
763	15,0015
764	15,0014
765	15,0014
766	15,0014
767	15,0014
768	15,0014
769	15,0013
770	15,0013
771	15,0013
772	15,0013
773	15,0013
774	15,0012
775	15,0012
776	15,0012
777	15,0012
778	15,0012
779	15,0012
780	15,0011
781	15,0011
782	15,0011
783	15,0011
784	15,0011
785	15,0011
786	15,001
787	15,001
788	15,001
789	15,001
790	15,001
791	15,001
792	15,001
793	15,0009
794	15,0009
795	15,0009
796	15,0009
797	15,0009
798	15,0009
799	15,0009
800	15,0008
801	15,0008
802	15,0008
803	15,0008
804	15,0008
805	15,0008
806	15,0008
807	15,0008
808	15,0007
809	15,0007
810	15,0007
811	15,0007
812	15,0007
813	15,0007
814	15,0007
815	15,0007
816	15,0007
817	15,0007
818	15,0006
819	15,0006
820	15,0006
821	15,0006
822	15,0006
823	15,0006
824	15,0006
825	15,0006
826	15,0006
827	15,0006
828	15,0006
829	15,0005
830	15,0005
831	15,0005
832	15,0005
833	15,0005
834	15,0005
835	15,0005
836	15,0005
837	15,0005
838	15,0005
839	15,0005
840	15,0005
841	15,0005
842	15,0004
843	15,0004
844	15,0004
845	15,0004
846	15,0004
847	15,0004
848	15,0004
849	15,0004
850	15,0004
851	15,0004
852	15,0004
853	15,0004
854	15,0004
855	15,0004
856	15,0004
857	15,0004
858	15,0004
859	15,0003
860	15,0003
861	15,0003
862	15,0003
863	15,0003
864	15,0003
865	15,0003
866	15,0003
867	15,0003
868	15,0003
869	15,0003
870	15,0003
871	15,0003
872	15,0003
873	15,0003
874	15,0003
875	15,0003
876	15,0003
877	15,0003
878	15,0003
879	15,0003
880	15,0003
881	15,0002
882	15,0002
883	15,0002
884	15,0002
885	15,0002
886	15,0002
887	15,0002
888	15,0002
889	15,0002
890	15,0002
891	15,0002
892	15,0002
893	15,0002
894	15,0002
895	15,0002
896	15,0002
897	15,0002
898	15,0002
899	15,0002
900	15,0002
901	15,0002
902	15,0002
903	15,0002
904	15,0002
905	15,0002
906	15,0002
907	15,0002
908	15,0002
909	15,0002
910	15,0002
911	15,0002
912	15,0002
913	15,0002
914	15,0001
915	15,0001
916	15,0001
917	15,0001
918	15,0001
919	15,0001
920	15,0001
921	15,0001
922	15,0001
923	15,0001
924	15,0001
925	15,0001
926	15,0001
927	15,0001
928	15,0001
929	15,0001
930	15,0001
931	15,0001
932	15,0001
933	15,0001
934	15,0001
935	15,0001
936	15,0001
937	15,0001
938	15,0001
939	15,0001
940	15,0001
941	15,0001
942	15,0001
943	15,0001
944	15,0001
945	15,0001
946	15,0001
947	15,0001
948	15,0001
949	15,0001
950	15,0001
951	15,0001
952	15,0001
953	15,0001
954	15,0001
955	15,0001
956	15,0001
957	15,0001
958	15,0001
959	15,0001
960	15,0001
961	15,0001
962	15,0001
963	15,0001
964	15,0001
965	15,0001
966	15,0001
967	15,0001
968	15,0001
969	15,0001
970	15,0001
971	15,0001
972	15,0001
973	15,0001
974	15,0001
975	15,0001
976	15,0001
977	15,0001
978	15,0001
979	15,0001
980	15,0001
981	15,0001
982	15,0001
983	15,0001
984	15,0001
985	15
986	15
987	15
988	15
989	15
990	15
991	15
992	15
993	15
994	15
995	15
996	15
997	15
998	15
999	15
