-0.0714116
0.666524
-0.601574
-0.341705
-2.13173
-3.08043
-2.66045
-1.86189
-4.16435
-3.81371
-2.6267
-5.91029
-5.78492
-4.35915
-8.34713
-6.93056
-5.13872
-5.86823
-5.93142
-4.35581
-5.75225
-7.84664
-7.05615
-7.73788
-7.39519
-7.54645
-7.29662
-5.45557
-6.69651
-7.60675
-4.23736
-6.01611
-8.06322
-5.01699
-4.16867
-3.70514
-7.38359
-5.32379
-5.99099
-5.40016
-5.66459
-5.53938
-5.6671
-6.6987
-5.18331
-3.62724
-2.95782
-4.60902
-5.21936
-3.1223
-4.0717
-2.37583
-2.03874
-2.91971
-2.5452
-2.21821
-2.8625
-3.43147
-0.72825
0.181139
0.271567
-1.25902
-1.00843
0.50477
-0.855688
-0.653735
1.04836
0.889753
-1.15155
0.641224
1.30068
0.130593
1.28032
3.73313
0.958152
2.94496
2.19342
2.5897
3.18723
1.71411
3.67831
3.01106
2.71809
2.68564
2.67431
3.88905
5.04025
4.29923
4.2952
6.90094
6.12847
5.89504
5.4705
7.2348
5.40628
7.67392
4.87811
5.73721
7.42023
6.68412
5.28589
7.33087
7.92149
6.56551
7.13833
7.50845
6.53246
8.46816
7.94063
6.78683
8.63165
10.4808
8.16887
9.13428
9.37865
7.90612
10.0172
8.97656
11.8026
9.35758
9.827
10.3091
11.4967
9.40945
9.16586
10.1406
10.1146
10.7738
11.2419
11.4568
9.94225
11.0084
11.0761
11.6919
11.5128
11.6459
11.0954
14.1284
13.0618
12.1355
11.2741
11.9661
13.1153
12.3542
13.2976
12.2687
12.0681
13.6224
14.2427
12.9655
12.9001
12.7199
11.748
14.1195
13.835
13.2333
13.7371
12.6954
14.4894
14.0122
14.0349
13.956
13.7527
13.8421
14.8317
14.7596
12.5456
12.3765
13.134
14.1046
13.7357
14.6264
13.697
13.7734
13.2012
15.451
15.7621
13.7866
14.1197
12.8529
14.5815
13.501
13.4366
15.4569
15.1162
15.3858
14.1579
13.3504
15.2575
14.9627
13.0507
14.8875
14.8569
15.3021
15.6876
15.3019
15.4499
15.0868
16.1454
16.4322
15.809
15.4858
15.964
15.9371
14.753
13.8151
16.0155
15.6751
15.9
15.0693
13.6094
16.359
15.0093
15.0793
14.438
16.3682
13.9518
15.3623
16.0772
13.9111
16.3909
15.698
16.5667
16.2996
16.1318
15.7989
16.0413
15.9542
15.5785
15.7928
16.8035
16.7912
14.1005
14.7999
14.7401
14.2542
15.1551
16.8932
13.9885
17.4995
15.3912
13.7618
15.3803
16.93
13.6667
14.4286
13.7326
15.1622
14.1992
15.5092
15.5522
15.3173
15.754
15.7729
16.9203
15.7515
15.6808
14.2272
15.481
16.2265
15.2684
17.4128
17.023
17.1528
14.9336
15.3575
14.7963
15.9152
14.4848
16.5602
16.0423
15.6764
15.8437
16.8166
15.9772
17.0502
16.4683
15.5776
15.8941
15.3573
16.757
14.9133
15.4627
15.4441
14.3949
14.9647
14.9556
16.2789
16.3286
17.0882
15.6351
14.871
16.5975
16.2176
16.6316
16.4776
16.4348
15.2374
14.564
14.4698
14.8527
14.2607
14.8951
15.8931
17.5969
15.7321
13.0537
14.9091
14.6839
16.0081
15.0397
17.5827
13.7091
14.8444
16.7458
14.8725
16.7301
16.1399
15.3069
15.8349
13.781
16.3308
13.6541
15.5929
15.0293
15.6228
14.7187
14.9161
15.0982
15.4845
15.2082
14.9659
15.8023
15.6205
16.6074
14.0311
14.1855
14.7109
16.7139
14.3192
17.0123
15.2314
14.1088
15.403
15.4405
13.8475
18.4856
12.9878
15.0668
15.4615
16.2502
16.6626
15.8964
14.5756
13.5135
13.7234
14.634
14.5809
16.0218
14.5118
14.5535
15.469
14.9413
16.5488
15.2517
15.3889
13.9032
13.3004
17.0846
14.4706
16.2596
13.9123
16.3413
15.7379
14.4413
16.6927
13.7452
16.386
15.2711
14.4815
15.057
14.1169
12.791
17.2079
14.5037
15.7137
15.4736
14.7658
14.9097
14.1722
16.9371
15.6818
14.5227
15.6893
17.8979
15.3713
17.1363
15.4477
14.6772
14.1005
15.4166
15.6222
15.6448
15.2075
13.12
15.8734
15.0764
15.199
15.4549
15.1808
14.4137
16.7784
14.7483
16.7969
17.0994
14.7606
14.8282
14.3173
16.5179
14.2048
15.9391
13.8744
16.4728
15.7979
15.7996
14.9437
15.0796
15.804
14.9333
16.8746
13.9733
16.1567
15.5837
14.8254
14.1858
14.7698
13.8031
15.511
15.0635
14.895
15.453
13.8687
14.7939
15.1454
16.1387
12.681
15.8643
14.9781
14.4233
14.2753
15.4668
15.8685
13.6215
16.4693
14.3308
15.9307
14.8204
17.9757
14.4776
13.5723
16.237
14.5918
15.0865
14.535
13.7482
14.629
16.5082
13.3465
15.2795
15.0308
17.0149
15.8531
14.1562
15.489
15.6349
15.4243
15.0884
14.6878
14.1385
14.4618
15.1167
17.2723
15.119
13.473
15.7587
14.4147
15.2842
15.3809
15.6731
15.4241
14.3174
16.5407
14.4605
14.9558
15.1648
16.0654
17.0265
14.0617
14.555
14.7059
15.2679
16.7963
16.0412
16.44
14.5977
14.6265
15.5059
16.3307
16.3827
17.0577
16.1239
14.6303
11.8138
14.7718
14.5428
15.1309
14.764
15.5192
15.2795
15.5756
13.8962
14.5743
14.8096
13.972
15.2325
14.8473
14.9052
15.7661
13.2548
15.3083
15.0679
16.5472
12.4228
13.7217
17.0498
15.2682
13.9183
14.4179
13.471
16.2063
13.651
11.8483
14.1445
15.3868
15.2677
14.1726
14.0552
14.3556
15.3832
14.4266
14.052
15.4413
15.7647
13.4167
13.6692
14.4514
14.0868
15.9128
14.4231
15.8975
15.4725
15.4656
14.4889
15.0223
13.673
14.8474
16.066
14.0224
15.1568
13.1386
15.1667
15.4991
12.2573
16.4725
13.4641
16.4792
15.0343
14.9452
13.7552
14.4662
