0
0
-0.625
-1.20937
-1.7547
-2.26248
-2.73421
-3.17129
-3.57512
-3.94701
-4.28826
-4.60011
-4.88376
-5.14039
-5.37111
-5.57702
-5.75916
-5.91855
-6.05617
-6.17298
-6.26988
-6.34776
-6.40749
-6.44987
-6.47571
-6.48579
-6.48083
-6.46156
-6.42866
-6.38282
-6.32466
-6.25481
-6.17386
-6.0824
-5.98098
-5.87013
-5.75038
-5.62221
-5.48611
-5.34253
-5.19193
-5.03473
-4.87134
-4.70215
-4.52755
-4.3479
-4.16356
-3.97486
-3.78212
-3.58566
-3.38578
-3.18276
-2.97689
-2.76842
-2.55761
-2.3447
-2.12993
-1.91352
-1.69568
-1.47662
-1.25653
-1.0356
-0.814019
-0.591945
-0.369545
-0.146977
0.0756132
0.298082
0.520294
0.742122
0.963443
1.18414
1.4041
1.62323
1.84141
2.05857
2.2746
2.48942
2.70296
2.91514
3.12588
3.33513
3.54281
3.74887
3.95326
4.15592
4.3568
4.55586
4.75306
4.94836
5.14172
5.33311
5.5225
5.70986
5.89517
6.07841
6.25955
6.43858
6.61548
6.79023
6.96283
7.13326
7.30152
7.4676
7.63149
7.79319
7.9527
8.11002
8.26515
8.41809
8.56884
8.7174
8.8638
9.00802
9.15008
9.28998
9.42774
9.56337
9.69687
9.82827
9.95756
10.0848
10.2099
10.333
10.454
10.573
10.69
10.805
10.9181
11.0291
11.1383
11.2455
11.3508
11.4542
11.5557
11.6554
11.7533
11.8494
11.9437
12.0362
12.1269
12.216
12.3033
12.3889
12.4729
12.5553
12.636
12.7151
12.7926
12.8685
12.943
13.0159
13.0873
13.1572
13.2256
13.2927
13.3583
13.4225
13.4853
13.5468
13.607
13.6658
13.7233
13.7796
13.8346
13.8884
13.9409
13.9923
14.0425
14.0915
14.1394
14.1861
14.2318
14.2763
14.3198
14.3623
14.4037
14.4441
14.4836
14.522
14.5595
14.596
14.6316
14.6663
14.7001
14.733
14.7651
14.7963
14.8267
14.8563
14.885
14.913
14.9402
14.9667
14.9924
15.0174
15.0417
15.0652
15.0881
15.1103
15.1319
15.1528
15.1731
15.1928
15.2118
15.2303
15.2482
15.2655
15.2822
15.2984
15.3141
15.3292
15.3439
15.358
15.3716
15.3848
15.3975
15.4097
15.4215
15.4328
15.4437
15.4542
15.4642
15.4739
15.4832
15.4921
15.5006
15.5087
15.5165
15.524
15.5311
15.5378
15.5443
15.5504
15.5562
15.5617
15.5669
15.5718
15.5765
15.5809
15.585
15.5888
15.5924
15.5957
15.5988
15.6017
15.6043
15.6067
15.6089
15.6109
15.6127
15.6143
15.6157
15.6169
15.6179
15.6187
15.6194
15.6199
15.6202
15.6204
15.6204
15.6203
15.62
15.6196
15.619
15.6183
15.6175
15.6166
15.6155
15.6143
15.613
15.6116
15.6101
15.6085
15.6068
15.6049
15.603
15.6011
15.599
15.5968
15.5946
15.5922
15.5899
15.5874
15.5849
15.5823
15.5796
15.5769
15.5741
15.5712
15.5683
15.5654
15.5624
15.5594
15.5563
15.5531
15.55
15.5468
15.5435
15.5402
15.5369
15.5336
15.5302
15.5268
15.5234
15.5199
15.5164
15.5129
15.5094
15.5059
15.5023
15.4988
15.4952
15.4916
15.488
15.4843
15.4807
15.4771
15.4734
15.4698
15.4661
15.4625
15.4588
15.4552
15.4515
15.4478
15.4442
15.4405
15.4369
15.4332
15.4295
15.4259
15.4223
15.4186
15.415
15.4114
15.4078
15.4042
15.4006
15.397
15.3935
15.3899
15.3864
15.3828
15.3793
15.3758
15.3723
15.3688
15.3654
15.3619
15.3585
15.3551
15.3517
15.3483
15.345
15.3416
15.3383
15.335
15.3317
15.3284
15.3252
15.3219
15.3187
15.3155
15.3123
15.3092
15.306
15.3029
15.2998
15.2968
15.2937
15.2907
15.2877
15.2847
15.2817
15.2787
15.2758
15.2729
15.27
15.2672
15.2643
15.2615
15.2587
15.2559
15.2532
15.2504
15.2477
15.245
15.2424
15.2397
15.2371
15.2345
15.2319
15.2293
15.2268
15.2243
15.2218
15.2193
15.2169
15.2144
15.212
15.2096
15.2073
15.2049
15.2026
15.2003
15.198
15.1958
15.1935
15.1913
15.1891
15.1869
15.1848
15.1826
15.1805
15.1784
15.1764
15.1743
15.1723
15.1702
15.1683
15.1663
15.1643
15.1624
15.1605
15.1586
15.1567
15.1548
15.153
15.1512
15.1494
15.1476
15.1458
15.1441
15.1423
15.1406
15.1389
15.1372
15.1356
15.1339
15.1323
15.1307
15.1291
15.1275
15.126
15.1244
15.1229
15.1214
15.1199
15.1184
15.117
15.1155
15.1141
15.1127
15.1113
15.1099
15.1085
15.1072
15.1059
15.1045
15.1032
15.1019
15.1007
15.0994
15.0982
15.0969
15.0957
15.0945
15.0933
15.0921
15.091
15.0898
15.0887
15.0875
15.0864
15.0853
15.0842
15.0832
15.0821
15.0811
15.08
15.079
15.078
15.077
15.076
15.075
15.0741
15.0731
15.0722
15.0712
15.0703
15.0694
15.0685
15.0676
15.0667
15.0659
15.065
15.0642
15.0633
15.0625
15.0617
15.0609
15.0601
15.0593
15.0585
15.0577
15.057
15.0562
15.0555
15.0548
15.054
15.0533
15.0526
15.0519
15.0512
15.0506
15.0499
15.0492
15.0486
15.0479
15.0473
15.0467
15.046
15.0454
15.0448
15.0442
15.0436
15.0431
15.0425
15.0419
15.0414
15.0408
15.0402
15.0397
15.0392
15.0386
15.0381
15.0376
15.0371
15.0366
15.0361
15.0356
15.0351
15.0347
15.0342
15.0337
15.0333
15.0328
15.0324
15.0319
15.0315
15.0311
15.0307
15.0302
15.0298
15.0294
15.029
15.0286
15.0282
15.0278
15.0275
15.0271
15.0267
15.0264
15.026
15.0256
15.0253
15.0249
15.0246
15.0243
15.0239
15.0236
15.0233
15.0229
15.0226
15.0223
15.022
15.0217
15.0214
15.0211
